%YAML:1.0
HOG: !!opencv-object-detector-hog
   winSize: [ 32, 32 ]
   blockSize: [ 8, 8 ]
   blockStride: [ 8, 8 ]
   cellSize: [ 4, 4 ]
   nbins: 9
   derivAperture: 1
   winSigma: 2.
   histogramNormType: 0
   L2HysThreshold: 2.0000000000000001e-01
   gammaCorrection: 1
   nlevels: 64
   signedGradient: 1
   SVMDetector: [ 8.01229700e-02, -1.39899462e-01, -2.08838269e-01,
       -5.62304370e-02, 1.90659702e-01, 3.48298252e-02, -3.68784033e-02,
       -7.80480728e-02, 2.62467235e-01, -1.11059912e-01, 8.13056305e-02,
       -1.58084705e-01, -1.59813568e-01, -5.49644589e-01,
       -1.53569520e-01, 8.52554962e-02, 9.52010229e-02, 3.51557910e-01,
       4.82086957e-01, -1.59086347e-01, -6.16087988e-02, 2.77133346e-01,
       1.80834204e-01, -1.45463618e-02, -5.98851554e-02, -1.14607446e-01,
       2.17828304e-01, -2.34687805e-01, -1.94614351e-01, -3.04187760e-02,
       2.27322597e-02, -9.20576081e-02, -1.97073705e-02, -6.33410513e-02,
       -5.82335342e-04, 1.51454419e-01, 1.78708225e-01, 6.60838112e-02,
       -4.98632574e-03, 9.69430953e-02, 1.02399059e-01, -7.48037323e-02,
       -1.85041144e-01, -2.25788295e-01, 1.37284741e-01, -2.18511775e-01,
       7.31993979e-03, -2.13247329e-01, 3.23302329e-01, 5.68737805e-01,
       8.54418948e-02, -1.35843828e-01, 2.63963878e-01, -1.01208650e-01,
       -9.15268660e-02, -2.42873669e-01, -1.01771757e-01, 1.48874084e-02,
       -2.01869056e-01, -5.81636801e-02, -2.47190222e-02,
       -1.52041525e-01, 2.75831576e-02, -3.51155311e-01, -9.08899382e-02,
       -3.34461480e-02, 7.87815228e-02, -1.27077296e-01, -5.32610118e-02,
       -8.38286523e-03, -1.82953924e-01, 1.56192239e-02, 6.43853024e-02,
       -1.96214076e-02, -4.48832195e-03, -2.04865366e-01, 1.08160272e-01,
       -2.49353833e-02, 1.01098791e-02, -3.76544893e-02, -3.31266448e-02,
       2.90180624e-01, -2.81750560e-01, -6.18220791e-02, -1.78112611e-01,
       9.21010040e-03, -2.58776098e-02, 1.67645700e-02, -3.51418778e-02,
       3.79060745e-01, 7.70211860e-04, 1.66645385e-02, -2.02105138e-02,
       -1.44343346e-01, -3.92218903e-02, -1.55983716e-01, 3.33321132e-02,
       -9.00874287e-02, 2.40105495e-01, 3.85840565e-01, -2.31970418e-02,
       -7.75244683e-02, -2.38761395e-01, 9.92676243e-02, -3.50700654e-02,
       5.53316735e-02, -1.12916835e-01, 7.43719563e-02, 4.93740141e-01,
       1.47123411e-01, -1.29926175e-01, -2.71455854e-01, 2.70704359e-01,
       -3.42288613e-01, -3.96107912e-01, -1.48752853e-01,
       -5.59397135e-03, 5.78826759e-03, 1.25600874e-01, -3.62272978e-01,
       -3.08098227e-01, 2.18485296e-01, 1.84539631e-01, -1.63336352e-01,
       -1.02453604e-01, -8.90245214e-02, -3.58486027e-02,
       -9.07348469e-02, -1.22308947e-01, -2.03553230e-01, 2.28245497e-01,
       2.32776324e-03, -7.66166449e-02, -6.17968068e-02, 5.79896159e-02,
       -1.00236408e-01, -2.13917971e-01, -3.96242708e-01,
       -3.49556923e-01, 8.09837580e-02, 1.64052963e-01, -8.96442458e-02,
       -2.93491944e-03, -4.05862704e-02, -1.38595030e-02,
       -9.24423933e-02, -1.61018688e-02, -2.54542857e-01, 3.41390610e-01,
       -1.96737617e-01, -1.61836386e-01, 4.72322805e-03, 2.89874375e-01,
       -1.16892539e-01, -6.74163699e-02, -2.58880872e-02,
       -2.89547920e-01, 1.28746167e-01, 1.59927588e-02, -3.97544429e-02,
       -2.15159915e-02, -2.85305846e-02, -2.84158010e-02,
       -1.25819877e-01, -7.01933354e-02, 5.24493307e-02, 1.31454736e-01,
       5.28491259e-01, 2.93364584e-01, -7.55658820e-02, -5.90616055e-02,
       2.03940216e-02, -1.43261671e-01, -1.58474460e-01, 9.26268622e-02,
       -1.52695959e-03, 9.38908607e-02, 1.61329523e-01, -3.24473158e-02,
       3.27236042e-03, -1.24970712e-01, 5.83883077e-02, 4.04083030e-03,
       -1.91176252e-03, -3.76677215e-02, 6.04030937e-02, 3.00037470e-02,
       -6.26154542e-02, -3.56428087e-01, -1.90001234e-01, 7.12432042e-02,
       -3.09527405e-02, -2.00223789e-01, 8.09425861e-02, 3.63614261e-02,
       -2.85331625e-02, -2.45564263e-02, -3.18511754e-01,
       -1.26512572e-02, -2.97672544e-02, 2.21662354e-02, 2.89275795e-01,
       -1.78199902e-01, -1.87471151e-01, 9.29816142e-02, 2.24715844e-02,
       1.64030176e-02, 2.63936877e-01, -3.57072167e-02, 8.56479108e-02,
       1.08633742e-01, 3.60408694e-01, -3.18981528e-01, -6.21832199e-02,
       1.45136014e-01, 4.95881051e-01, -7.04500079e-02, -3.23142707e-02,
       -1.58048701e-02, -1.11681648e-01, 2.11443722e-01, 1.48563057e-01,
       -9.04200301e-02, -4.82795052e-02, -1.01582706e-01, 4.62330878e-02,
       -6.80331737e-02, -2.35378724e-02, -8.31486285e-02, 2.16077656e-01,
       1.68986365e-01, -3.07445582e-02, -2.94226613e-02, -4.51622531e-02,
       9.37789679e-02, -7.71799451e-03, -1.16500333e-01, 1.77622080e-01,
       2.54614264e-01, -2.22804189e-01, -1.20595157e-01, -3.63882124e-01,
       -1.63175911e-01, 2.46479541e-01, -2.06330270e-01, -8.57698694e-02,
       1.52473360e-01, 1.45918876e-02, 3.02536674e-02, -8.04572329e-02,
       -1.57746866e-01, 1.43594056e-01, -1.51453167e-01, -3.16998512e-02,
       -4.23791865e-03, -1.24765903e-01, 6.82042688e-02, 1.74652979e-01,
       -1.11729726e-02, 1.02041423e-01, -1.13158889e-01, -1.52994707e-01,
       1.35311754e-02, 6.49175644e-02, -1.24980308e-01, 1.00821495e-01,
       4.09279391e-02, 8.28148623e-04, -4.25573215e-02, -6.17943816e-02,
       1.73215583e-01, -1.13464266e-01, -2.90560387e-02, 7.91366622e-02,
       -1.38364539e-01, -7.37472996e-02, -5.03076017e-02,
       -5.66973612e-02, 1.61165610e-01, 6.08541548e-01, -1.06971197e-01,
       -8.15340206e-02, 1.28857195e-01, -5.32134712e-01, -1.50903881e-01,
       -8.69565383e-02, -1.21390358e-01, 3.13163191e-01, -6.51237518e-02,
       -2.36776024e-01, 2.10083410e-01, 5.02261579e-01, -8.47476646e-02,
       -2.43319884e-01, 1.04092017e-01, 3.20624620e-01, -1.50360420e-01,
       -3.06364805e-01, -3.35475147e-01, 5.27461588e-01, 1.74501389e-02,
       5.32131866e-02, 4.06753086e-02, -8.78706947e-03, -8.47885981e-02,
       -1.38203129e-01, -3.60796787e-02, 1.51816100e-01, 2.09976971e-01,
       1.16624780e-01, 2.23877817e-01, -2.30569586e-01, -5.86756766e-02,
       -1.32899091e-01, -1.83146611e-01, -9.56267118e-03, 3.20086420e-01,
       -3.13083865e-02, -1.12384267e-01, 3.59379612e-02, 2.37086013e-01,
       1.87346786e-01, -1.19538523e-01, -2.58203775e-01, 2.08658367e-01,
       4.00624007e-01, -3.59542489e-01, -2.12641343e-01, -1.93752140e-01,
       -1.23455539e-01, 6.99055344e-02, -5.87374866e-02, -1.20685324e-01,
       2.35660225e-01, 6.94990098e-01, 5.61737977e-02, -4.22952324e-01,
       -1.58328116e-01, -1.24415599e-01, 3.75524610e-01, 2.49777123e-01,
       -3.39337364e-02, -2.11450443e-01, 2.24884406e-01, 1.30377665e-01,
       -1.63706362e-01, -2.22567886e-01, -1.78013816e-02,
       -1.95042491e-01, -3.00939202e-01, -2.36424312e-01,
       -2.71810025e-01, 6.05829656e-01, 3.02899003e-01, -4.22706962e-01,
       -1.02634616e-01, 2.97828794e-01, 3.17854690e-04, -3.37982357e-01,
       -2.26384133e-01, -4.58558761e-02, -9.36201289e-02,
       -6.79369867e-02, 2.05107108e-01, -3.41514111e-01, 3.47642958e-01,
       7.08405152e-02, 7.23147333e-01, -4.64923047e-02, -8.59898776e-02,
       1.58961609e-01, -1.57293797e-01, -1.43098775e-02, 1.27975255e-01,
       7.61997923e-02, -4.32135850e-01, -2.82077342e-02, -8.41064006e-03,
       -1.59617394e-01, 2.22241934e-02, -2.58012954e-02, 2.70904332e-01,
       -1.14149667e-01, -1.67647466e-01, 2.42915466e-01, 3.57542127e-01,
       -3.00407968e-02, -2.82425612e-01, 1.41844466e-01, 2.51769554e-03,
       -1.30313143e-01, 8.38457346e-02, -6.28795028e-02, 8.35071504e-03,
       8.96768793e-02, -7.27211609e-02, 2.29401588e-01, -1.74344704e-01,
       7.16510462e-03, 2.00071931e-01, -3.62822562e-01, -3.95515561e-01,
       7.98782632e-02, -1.70536395e-02, 4.53141257e-02, -2.22154078e-03,
       -2.76611358e-01, -5.49898706e-02, 1.65972300e-02, 4.48570907e-01,
       9.13322121e-02, -8.89194906e-02, 9.84482020e-02, -2.27454901e-01,
