%YAML:1.0
HOG: !!opencv-object-detector-hog
   winSize: [ 32, 32 ]
   blockSize: [ 8, 8 ]
   blockStride: [ 8, 8 ]
   cellSize: [ 4, 4 ]
   nbins: 9
   derivAperture: 1
   winSigma: 2.
   histogramNormType: 0
   L2HysThreshold: 2.0000000000000001e-01
   gammaCorrection: 1
   nlevels: 64
   signedGradient: 1
   SVMDetector: [ 1.52121544e-01, 5.46319857e-02, 3.74635518e-01,
       4.76242989e-01, -1.73491299e-01, -2.25635543e-02, 3.38254750e-01,
       -1.86940670e-01, -2.16540039e-01, -3.84267539e-01,
       -3.67648266e-02, 5.58606982e-01, 1.00985444e+00, -2.29014322e-01,
       -3.04149747e-01, 2.12435737e-01, 2.22802162e-01, -2.81098515e-01,
       2.42058843e-01, -1.46829665e-01, -2.79378500e-02, -8.69656354e-02,
       5.56286275e-01, 4.08767700e-01, 5.49439788e-01, -1.33014098e-01,
       -1.99234098e-01, 5.58432221e-01, 2.98730612e-01, 3.41831088e-01,
       1.99617147e-01, 2.34103426e-01, -1.90459445e-01, 2.05730274e-01,
       -7.31849000e-02, -5.44990413e-02, 4.71223116e-01, 3.61053824e-01,
       9.67891961e-02, 5.30479908e-01, 3.89981747e-01, -1.13485247e-01,
       -5.66921592e-01, -4.22274470e-01, 9.79152881e-03, -7.59051517e-02,
       3.44401091e-01, 2.39952296e-01, 6.27988636e-01, -2.42685199e-01,
       3.51670086e-01, 3.15782934e-01, 5.38031816e-01, 1.65590614e-01,
       -6.72901049e-02, 2.00577453e-01, -2.21461654e-01, 1.35622904e-01,
       -4.88676846e-01, -9.40311104e-02, 1.32676303e-01, -2.37711202e-02,
       1.50406271e-01, -9.06951487e-01, -5.64014077e-01, -2.14166626e-01,
       4.31401134e-01, -4.71704781e-01, 1.33557841e-01, -2.45231867e-01,
       1.78980269e-02, 6.36195093e-02, 5.90406954e-01, 9.47598517e-02,
       -1.42608851e-01, 2.73413777e-01, 2.23781854e-01, 5.00443220e-01,
       -1.78077146e-01, 1.67445794e-01, -3.97419214e-01, 2.61272311e-01,
       -7.28272051e-02, -2.41370782e-01, 1.16675496e-01, 5.60623348e-01,
       8.16298351e-02, -3.53706598e-01, 8.69412348e-02, -1.99958339e-01,
       7.04049468e-02, -8.16659555e-02, -3.35637718e-01, -2.95162767e-01,
       -4.02891427e-01, 2.58248329e-01, -2.16965273e-01, 4.76659648e-02,
       -9.75261629e-02, -5.86861223e-02, -2.91078717e-01,
       -4.56602305e-01, -5.30617386e-02, 3.61521810e-01, 4.46096718e-01,
       -1.07895553e-01, 1.49162173e-01, -2.44550258e-01, -3.07929128e-01,
       -5.23353778e-02, -2.16248721e-01, -6.26589179e-01, 4.28916156e-01,
       2.32604191e-01, 7.54585713e-02, -2.23379165e-01, -6.67969406e-01,
       7.61192024e-01, 7.53933266e-02, -3.41870934e-01, -6.10809743e-01,
       -9.56767946e-02, 1.02147445e-01, -1.99997827e-01, -4.00337487e-01,
       -6.26724780e-01, 1.04044366e+00, -7.53313079e-02, -1.60207286e-01,
       -1.84410229e-01, 2.18012974e-01, -3.38911355e-01, -3.21352571e-01,
       -2.28166685e-01, 3.74910496e-02, 6.27417624e-01, -2.88696498e-01,
       -3.26557159e-01, -6.26652539e-01, 5.16396105e-01, 2.20648035e-01,
       -4.07785535e-01, -5.06502211e-01, -4.55216952e-02, 7.48498738e-02,
       2.11528584e-01, -7.33479708e-02, 5.03256619e-01, 3.52230147e-02,
       3.24816853e-01, -3.04695424e-02, -1.14281647e-01, 1.13126263e-02,
       -7.11554065e-02, -2.38276087e-02, -1.84000447e-01, 1.81994811e-01,
       9.59686004e-03, 6.61464557e-02, -6.37626722e-02, 1.01174794e-01,
       6.14529014e-01, -3.55525613e-01, 2.27325127e-01, 1.56263411e-01,
       3.52008730e-01, 3.17517489e-01, 1.84243962e-01, -1.73423305e-01,
       -3.50639522e-01, -4.54868615e-01, 1.41608536e-01, -8.18593353e-02,
       -3.41776937e-01, -1.78488977e-02, 5.80311239e-01, -2.49059454e-01,
       -1.73141152e-01, 3.95928808e-02, 6.96418881e-02, 2.07825303e-01,
       -2.44577453e-01, -5.78294229e-03, 2.63164550e-01, -3.98342609e-01,
       -6.56208023e-02, -4.15035114e-02, -1.33053884e-01, 1.21717423e-01,
       6.10906661e-01, -7.20224306e-02, -9.66065079e-02, 3.46517682e-01,
       -1.85586400e-02, -1.50206789e-01, -3.13315839e-01,
       -4.04200792e-01, 3.10003549e-01, 3.08838308e-01, 1.81624532e-01,
       -5.32554686e-02, 2.85337418e-01, 1.98734820e-01, -9.46252719e-02,
       -1.99833396e-03, -3.90859023e-02, -4.95302767e-01, 5.65171897e-01,
       2.88741797e-01, -1.15660116e-01, 6.14007592e-01, 2.53448755e-01,
       -5.26570380e-01, -4.91875708e-01, -4.10997599e-01,
       -6.66140998e-03, 8.57087135e-01, -1.24984458e-01, -2.71143377e-01,
       -2.07038552e-01, -3.50220233e-01, -2.76421309e-01,
       -1.23621754e-01, -1.27861813e-01, 2.43787155e-01, 3.60363051e-02,
       -2.37441242e-01, -9.81812179e-02, 1.99695081e-02, 6.81298822e-02,
       -3.20203677e-02, -3.37841123e-01, -3.19368064e-01, 5.39797366e-01,
       -2.15149969e-01, -4.51189101e-01, -4.86117214e-01,
       -3.45364884e-02, -1.75609156e-01, 1.30682394e-01, -3.02326739e-01,
       -2.44720846e-01, 1.00150622e-01, 2.88381577e-01, -2.63059914e-01,
       -1.94497153e-01, 2.71948487e-01, -1.71646222e-01, -2.35420875e-02,
       -4.16315645e-01, -3.03025216e-01, 3.78914207e-01, 1.47299290e-01,
       -2.06626788e-01, -1.19579867e-01, 5.50120436e-02, -4.48784456e-02,
       -2.26540826e-02, -1.64539173e-01, -1.07901186e-01, 2.99087446e-03,
       -5.35968840e-02, -1.85639396e-01, -1.60639018e-01, 1.12069324e-01,
       6.25217438e-01, 1.10980108e-01, -1.75769687e-01, -2.46523216e-01,
       -6.30457699e-01, 5.04808910e-02, 9.25491825e-02, -1.40239745e-01,
       1.15057170e-01, 3.94899964e-01, -2.86210686e-01, -1.76697880e-01,
       -1.73512921e-01, 1.38290599e-01, 3.51425767e-01, 2.01299936e-02,
       -2.49924392e-01, -2.13086709e-01, 4.18115199e-01, -1.67406142e-01,
       -2.66321123e-01, -3.97566974e-01, 4.25465286e-01, 6.56817853e-01,
       4.18416083e-01, -1.50885498e-02, 2.00272739e-01, -1.33996531e-01,
       -1.20463520e-01, -7.49185205e-01, 2.25938912e-02, 1.06578462e-01,
       4.87662889e-02, 3.44828486e-01, -2.24401683e-01, -2.74688601e-01,
       4.75324869e-01, 1.23256278e+00, -3.93621288e-02, -5.87929904e-01,
       1.87482849e-01, -4.13366795e-01, 6.16081059e-01, 1.25698197e+00,
       -1.60802871e-01, -1.17749661e-01, -4.48125266e-02,
       -3.87336582e-01, 1.62784651e-01, 5.50665319e-01, -3.08666378e-01,
       -2.60039359e-01, 6.06737792e-01, -1.89333409e-01, 2.07025155e-01,
       2.75176018e-01, -7.49630213e-01, 5.33434749e-02, 9.61311340e-01,
       5.12581110e-01, -4.39973742e-01, -7.59313226e-01, -1.87202379e-01,
       6.67804658e-01, 5.20795763e-01, -4.96153235e-02, -5.75004399e-01,
       3.37306708e-01, -4.10706371e-01, 1.00245273e+00, -1.01107657e+00,
       -4.48680371e-01, 5.22699833e-01, 7.17092752e-01, 2.31169969e-01,
       1.31654072e+00, 3.97876054e-01, -2.53218293e-01, -1.80215105e-01,
       -8.63448143e-01, -2.24483848e-01, -4.95566487e-01, 8.96910489e-01,
       4.11139846e-01, 6.64291382e-01, -1.22820534e-01, 8.02699253e-02,
       7.92396247e-01, -2.37634853e-01, -8.98973882e-01, -9.22187626e-01,
       4.77694944e-02, 7.76597023e-01, 7.06623197e-01, -8.48076403e-01,
       -1.15296140e-01, 4.76148069e-01, -3.99905033e-02, 5.85446835e-01,
       -1.55992121e-01, -3.55526239e-01, -2.07811981e-01, 7.03180730e-02,
       7.71904411e-03, 2.17182785e-01, -1.92012265e-01, 5.42851269e-01,
       -9.47831199e-02, -2.18281239e-01, -8.21671858e-02,
       -3.37744743e-01, -5.49968891e-02, 1.56754106e-01, 7.37330019e-02,
       8.97395968e-01, 5.80142140e-01, -2.57787913e-01, -3.77782226e-01,
       1.95555948e-02, -7.69184604e-02, -5.98827422e-01, 1.38785522e-02,
       -3.89947772e-01, -8.64376366e-01, 3.50925297e-01, -2.41874725e-01,
       -3.30305517e-01, -2.08017886e-01, -4.49518055e-01, 1.17951006e-01,
       3.40749621e-01, 2.33691722e-01, -1.39621779e-01, 5.21176495e-02,
       -1.74895763e-01, -1.08076207e-01, -3.54733884e-01,
       -1.29708529e-01, 5.67376301e-05, -8.92287269e-02, -4.15221840e-01,
       -2.59412527e-02, -3.09457272e-01, 6.81634769e-02, -1.62998177e-02,
       -2.17836618e-01, -7.49371171e-01, -4.63098288e-01, 3.22711021e-01,
       1.02736199e+00, 1.32535651e-01, -3.44841540e-01, -1.05662644e-01,
