%YAML:1.0
HOG: !!opencv-object-detector-hog
   winSize: [ 32, 32 ]
   blockSize: [ 8, 8 ]
   blockStride: [ 8, 8 ]
   cellSize: [ 4, 4 ]
   nbins: 9
   derivAperture: 1
   winSigma: 2.
   histogramNormType: 0
   L2HysThreshold: 2.0000000000000001e-01
   gammaCorrection: 1
   nlevels: 64
   signedGradient: 1
   SVMDetector: [ -1.14153316e-02, 2.77251098e-02, 3.69257070e-02,
       -1.35085247e-02, 1.56851988e-02, 1.20903179e-02, 2.35466212e-02,
       2.91837682e-03, -2.37883646e-02, 2.31167972e-02, 1.07292738e-02,
       -5.59155922e-03, -2.14904081e-02, 1.16212098e-02, 6.78098425e-02,
       3.55035737e-02, 1.36260269e-02, 1.91931911e-02, 3.50642949e-02,
       4.71235439e-02, 3.40409912e-02, 7.62997614e-03, -1.92053784e-02,
       -2.76731495e-02, 2.03027874e-02, -2.61362735e-02, 1.23361573e-02,
       3.99209261e-02, 3.17595936e-02, 1.28038963e-02, -1.71268731e-02,
       -8.76918435e-02, 4.19413075e-02, 4.63592373e-02, -3.32534127e-02,
       8.44560191e-03, -2.15298701e-02, -3.25956568e-02, -2.70276610e-02,
       2.22308431e-02, 1.14482708e-01, 6.32465109e-02, 8.69230926e-02,
       1.01806363e-02, 3.40778232e-02, 3.42874811e-03, -4.64835241e-02,
       -3.97713482e-02, -9.00736544e-03, 1.21253282e-01, 7.55462795e-02,
       5.30944578e-02, -4.89682797e-03, 5.00282645e-03, 1.02140978e-02,
       -5.37039451e-02, -6.02184720e-02, -1.41223399e-02, 5.27624935e-02,
       2.97902282e-02, 8.57722610e-02, -6.38513453e-03, 1.28259901e-02,
       8.34393650e-02, 4.00451652e-04, -6.06045276e-02, -5.71704917e-02,
       9.47201252e-02, 2.19111983e-02, 4.22104560e-02, 2.09419951e-02,
       3.54160778e-02, 3.73938233e-02, -6.09417446e-03, -1.66375805e-02,
       1.11030545e-02, 5.34603256e-04, -4.28100526e-02, -5.04198559e-02,
       -3.76067832e-02, 3.49433683e-02, 1.02795430e-01, 1.43524930e-02,
       -7.12914392e-02, -1.35524832e-02, 1.12879686e-02, -4.38532084e-02,
       -1.57140978e-02, -5.35291061e-03, 1.89315397e-02, 1.40829459e-01,
       3.29730399e-02, 5.60433511e-03, 5.15037030e-02, 3.29756597e-03,
       1.65579803e-02, 1.99836921e-02, -1.65104605e-02, 4.03602719e-02,
       5.86850792e-02, -1.87354200e-02, -4.64373715e-02, 2.03765836e-02,
       4.98485863e-02, -2.12908573e-02, 4.16199956e-03, 4.58467454e-02,
       3.60229164e-02, -2.69314367e-03, 2.51862463e-02, 1.10701881e-02,
       -3.56509816e-03, 1.37200162e-01, 1.02237716e-01, -1.88171547e-02,
       1.97565015e-02, -4.74610887e-02, -1.78331323e-02, 1.09728314e-02,
       5.21423891e-02, 1.28551386e-02, 2.23191697e-02, 2.42458116e-02,
       2.10746963e-04, 2.52849218e-02, 2.54713614e-02, 8.80903751e-03,
       3.33319381e-02, 1.25708831e-02, -5.92978038e-02, 1.15297525e-03,
       8.86612982e-02, -2.92308219e-02, -5.33020943e-02, -4.27605286e-02,
       6.27906388e-03, 2.50573698e-02, 6.90395162e-02, -7.54542183e-03,
       -6.96033752e-03, 7.08314106e-02, -6.19882941e-02, -7.48768225e-02,
       -6.63768053e-02, -1.15942145e-02, -1.99602488e-02,
       -1.37930259e-03, -2.56043463e-03, 1.13272360e-02, 4.61518811e-03,
       -2.68976446e-02, -3.84786204e-02, 1.11533506e-02, -3.24495658e-02,
       -7.30200410e-02, -5.87678961e-02, -5.03291823e-02,
       -3.63924317e-02, 6.38228357e-02, 7.15820119e-02, 4.70877178e-02,
       2.18335763e-02, -4.15456630e-02, -4.84394208e-02, 1.53161371e-02,
       1.28403981e-03, 1.70601562e-01, 5.77755943e-02, -7.96497613e-02,
       -7.74696842e-02, 1.41776465e-02, -2.88222414e-02, -6.78434148e-02,
       2.98429895e-02, 6.26881793e-03, 7.84450248e-02, 7.59052560e-02,
       -2.27761082e-02, -1.72736552e-02, 9.84607358e-03, -3.55510600e-02,
       1.76657557e-01, -8.38762969e-02, -6.44874051e-02, -5.50175682e-02,
       -2.33182311e-02, -5.67499325e-02, -4.50594984e-02,
       -3.35575044e-02, 8.13429952e-02, 2.24785849e-01, -1.51359856e-01,
       -5.70571348e-02, -3.92093472e-02, -2.95249280e-02,
       -8.05235431e-02, -9.50321034e-02, -8.63385201e-02,
       -8.36786330e-02, 2.46720299e-01, 6.58301562e-02, -9.19964686e-02,
       -6.86121732e-02, -3.77992354e-02, -4.94482368e-02,
       -2.43574250e-02, -3.28824595e-02, -1.39064193e-01, 1.27999991e-01,
       6.16664141e-02, -1.09130479e-01, -8.49729478e-02, -4.98340353e-02,
       -6.63513318e-02, -6.30923361e-02, -8.53607729e-02,
       -4.40827459e-02, -7.50424564e-02, -6.72369823e-02,
       -2.08860934e-02, -3.10221799e-02, -2.07745302e-02,
       -1.10834502e-01, 2.01170549e-01, 1.15491800e-01, -6.18553050e-02,
       -7.09812865e-02, -7.76054710e-02, -3.02672442e-02,
       -7.13481978e-02, -5.94991483e-02, -5.30672353e-03, 2.68056184e-01,
       -6.99327677e-04, -7.52784908e-02, -6.74417689e-02,
       -6.13519028e-02, -4.57422920e-02, -6.93879053e-02,
       -1.76508464e-02, 4.30766540e-03, 6.20103925e-02, -1.14866450e-01,
       -7.01011047e-02, -4.59653847e-02, -6.46698400e-02,
       -4.92640249e-02, -9.48023647e-02, -5.14165349e-02, 1.06819727e-01,
       1.80126205e-01, -1.23080291e-01, 4.22119722e-02, 1.62079968e-02,
       -9.24465060e-03, 1.62513927e-02, 2.22995002e-02, -6.09126175e-03,
       -3.63521418e-03, 1.83607591e-03, 2.06985641e-02, 1.49637731e-02,
       -9.54507501e-04, -3.78565677e-02, -3.99516821e-02, 1.21181132e-02,
       -1.74527280e-02, -7.35366996e-03, 1.59845278e-02, -2.62399297e-02,
       -7.67760677e-03, -5.60397981e-03, 2.91810594e-02, 1.29576065e-02,
       2.77738534e-02, 1.99720375e-02, 4.60778289e-02, -1.73100792e-02,
       9.64641757e-03, -4.13599191e-03, 9.34437290e-03, -1.64864548e-02,
       -3.86969000e-02, 5.99673688e-02, -1.28113078e-02, -5.18848328e-03,
       2.46354099e-03, 9.56491916e-04, 5.45420684e-03, 2.32930668e-02,
       -3.36615602e-03, 4.97999191e-02, 1.11849075e-02, -3.12156584e-02,
       -5.00814952e-02, -1.40417123e-03, 3.76216620e-02, -4.90657873e-02,
       -2.70393342e-02, -2.54473630e-02, 1.58783682e-02, 3.74144278e-02,
       -9.38087516e-03, 3.23771648e-02, 3.44763286e-02, 2.47832090e-02,
       -2.67446227e-02, -3.62463072e-02, -4.10221331e-03, 2.79280525e-02,
       -4.03259844e-02, -5.85488528e-02, -1.40064862e-02, 4.67880815e-02,
       2.84739118e-02, -1.34860957e-02, -5.33186197e-02, -4.07433845e-02,
       -1.38014983e-02, 2.89408006e-02, 7.41169648e-03, 3.69818360e-02,
       5.78805581e-02, 4.08457108e-02, -6.60801977e-02, -6.39467612e-02,
       2.20710188e-01, 2.64472216e-02, -9.19006020e-02, -5.20972162e-02,
       -3.27118114e-02, -2.16658451e-02, -3.87981609e-02,
       -1.05545692e-01, -1.40453309e-01, 1.42817274e-01, 6.00652955e-02,
       -1.35928273e-01, -8.26726854e-02, -6.14115968e-02,
       -3.29679176e-02, -5.58227338e-02, -7.70109072e-02,
       -9.05975699e-02, 1.18759230e-01, 4.83387709e-02, -9.20389369e-02,
       -3.07019688e-02, -3.73180509e-02, -3.90947014e-02,
       -6.27835765e-02, -9.74916667e-02, -1.74367175e-01, 1.27604797e-01,
       1.85269982e-01, -1.19047768e-01, -7.24741146e-02, -8.38758424e-02,
       -5.53385839e-02, -7.89734274e-02, -5.18301651e-02,
       -2.44707856e-02, -5.68391532e-02, -6.60435110e-02,
       -1.06738038e-01, -8.67401361e-02, 1.12282239e-01, 3.52667272e-02,
       -7.99091831e-02, -5.98412082e-02, -3.72880250e-02,
       -7.65837356e-02, -1.14232272e-01, -1.20827623e-01, 1.23287141e-02,
       2.03414872e-01, 5.45297153e-02, -9.09238011e-02, -7.76146427e-02,
       -4.76895906e-02, -7.92766511e-02, -6.89480677e-02,
       -9.02075693e-02, 2.20461309e-01, 1.44422844e-01, -9.33059752e-02,
       -7.21742287e-02, -1.09223552e-01, -7.86359385e-02,
       -9.13055465e-02, -8.41943175e-02, -1.26781702e-01, 1.71149313e-01,
       1.49692267e-01, -8.60558450e-02, -1.12663873e-01, 3.17868739e-02,
       3.44004892e-02, 5.56192659e-02, -2.65962044e-05, -3.20720300e-02,
       -1.34395314e-02, 3.82940397e-02, 1.79319344e-02, -5.90461260e-03,
       1.21648097e-02, 4.05276380e-02, 5.28317317e-02, 5.21582412e-03,
       4.24127243e-02, 2.39434605e-03, 1.48304459e-02, -1.50438230e-02,
       -6.51682168e-02, -2.17290372e-02, -3.27410735e-02, 2.16822308e-02,
