%YAML:1.0
HOG: !!opencv-object-detector-hog
   winSize: [ 32, 32 ]
   blockSize: [ 8, 8 ]
   blockStride: [ 8, 8 ]
   cellSize: [ 4, 4 ]
   nbins: 9
   derivAperture: 1
   winSigma: 2.
   histogramNormType: 0
   L2HysThreshold: 2.0000000000000001e-01
   gammaCorrection: 1
   nlevels: 64
   signedGradient: 1
   SVMDetector: [ -8.83377939e-02, -7.53597617e-02, -6.38787970e-02,
       -9.44386050e-03, 1.96562987e-02, -1.31870313e-02, -6.59009367e-02,
       -3.17097418e-02, -4.64934818e-02, -1.46203279e-01,
       -1.26208201e-01, -7.36190453e-02, -1.27023458e-01,
       -3.78674618e-03, 8.23062733e-02, 5.47794327e-02, -3.95239703e-02,
       -1.55694867e-02, 6.37576878e-02, 3.23496736e-03, -1.49276540e-01,
       1.70265697e-02, 1.05138369e-01, 1.22325592e-01, 2.52857208e-02,
       -1.12480633e-01, -1.04356669e-01, 1.62036940e-01, -7.50568286e-02,
       -9.85579118e-02, -4.64175275e-04, -6.84771910e-02, 1.72362953e-01,
       2.08245128e-01, -9.16768238e-02, 6.25554919e-02, -1.42964557e-01,
       -1.82406995e-02, -6.08704239e-02, -5.24247438e-03,
       -3.14370878e-02, 1.64241776e-01, 1.47927135e-01, 4.04184610e-02,
       -1.70076862e-01, -1.33551136e-02, -3.46614979e-02, 5.29835001e-02,
       1.91182166e-01, -2.73022093e-02, 2.47913203e-03, 3.78343575e-02,
       3.51447649e-02, -1.73169039e-02, -2.94924323e-02, 6.32380182e-03,
       -1.32826492e-01, -9.68973935e-02, -8.52509402e-03, 2.59660840e-01,
       1.34884462e-01, -4.91073877e-02, -9.93981808e-02, 5.64792566e-02,
       5.46959117e-02, -6.68905601e-02, 7.77514055e-02, 9.60578322e-02,
       1.57376468e-01, -5.93954474e-02, -1.73354000e-01, 1.63562186e-02,
       6.91556036e-02, -4.94424365e-02, -2.17233747e-02, 1.06930412e-01,
       -5.85291237e-02, 7.74422567e-03, -9.58447978e-02, 6.06343970e-02,
       1.83602422e-01, 1.25426710e-01, 6.85696900e-02, 1.28453495e-02,
       1.86506093e-01, -2.19674259e-02, -1.62878241e-02, -6.84090108e-02,
       3.15698385e-02, 1.07973270e-01, 1.69927299e-01, 1.01389907e-01,
       1.28031261e-02, -2.65800133e-02, -1.92919523e-02, 2.17928946e-01,
       -1.27932787e-01, -9.64533612e-02, 4.56912182e-02, 2.01270189e-02,
       6.74203336e-02, -1.65550277e-01, -8.21161196e-02, -4.15396802e-02,
       1.27807885e-01, -9.15973410e-02, -8.42636079e-02, -6.50454089e-02,
       -9.43513762e-04, 1.04609290e-02, 1.49825693e-03, -5.84884025e-02,
       -3.11135091e-02, -3.96944396e-02, -1.40784672e-02, 9.49690267e-02,
       2.10390136e-01, -3.12012213e-04, -1.40888900e-01, -1.16717800e-01,
       -3.61644588e-02, -7.55015388e-02, 4.46321294e-02, -6.40772954e-02,
       -4.48554419e-02, 1.40519008e-01, -1.33074448e-01, -1.22994825e-01,
       -1.11647807e-02, 1.14645123e-01, 1.43712103e-01, 9.10404474e-02,
       -1.02728881e-01, 4.48227264e-02, 1.06953353e-01, -7.71265775e-02,
       -1.49139151e-01, -8.63265023e-02, 5.76028861e-02, 1.06657997e-01,
       3.77288349e-02, -4.79686037e-02, -1.26671428e-02, -6.28410652e-02,
       -6.42363951e-02, -1.49580166e-02, -4.25815992e-02,
       -8.66196454e-02, -7.39804655e-02, 9.11219344e-02, -9.42787752e-02,
       -1.20912008e-01, -1.01925895e-01, 8.78053308e-02, -1.06039681e-01,
       -5.10752536e-02, -9.45134610e-02, -2.62747426e-02, 1.66526392e-01,
       -9.10103768e-02, -1.55485377e-01, -6.40392378e-02, 1.92081302e-01,
       1.21788904e-01, -1.60540715e-02, -7.03301728e-02, -1.05044708e-01,
       1.35116309e-01, -1.17296614e-01, -1.85441077e-02, 3.30652818e-02,
       1.24704808e-01, 5.10037020e-02, 5.94868930e-03, 3.02064861e-03,
       5.65607026e-02, 2.15321377e-01, 6.32357299e-02, -9.17309150e-02,
       -2.50214636e-02, 8.45264792e-02, -5.49358428e-02, -1.38143256e-01,
       2.03559995e-02, 1.40525363e-02, 5.55754229e-02, 5.75328581e-02,
       -1.10007048e-01, -1.76777154e-01, 4.41525280e-01, 3.29298705e-01,
       -2.21901223e-01, -4.92439047e-02, 7.76420012e-02, 1.12366572e-01,
       -7.19459355e-02, -2.37590969e-01, -1.07302263e-01,
       -2.52456158e-01, 3.59389424e-01, 5.80183193e-02, 1.69017669e-02,
       -1.23096012e-01, 7.92168602e-02, 1.15973555e-01, -1.08825557e-01,
       -2.11098775e-01, 1.80465266e-01, 3.20618212e-01, -6.41912967e-02,
       -1.94147900e-01, -1.65161654e-01, -1.54554129e-01,
       -1.97865799e-01, -2.20249876e-01, -3.50935578e-01, 4.30852398e-02,
       2.12503374e-02, 9.44334269e-02, -2.59412583e-02, -8.04190934e-02,
       -1.18863001e-01, -2.97791898e-01, 2.12895319e-01, 4.72631186e-01,
       -1.35607585e-01, -1.37532149e-02, 1.22278988e-01, -1.92261383e-01,
       -1.93033740e-01, -1.40069038e-01, -1.71620548e-01, 2.28623703e-01,
       1.26204416e-01, -4.43237200e-02, -1.29563540e-01, -9.53851342e-02,
       -2.17377469e-01, -2.38587275e-01, -2.52366781e-01, 2.20675036e-01,
       3.76532793e-01, 2.48585105e-01, -3.15516472e-01, -1.61699012e-01,
       1.78942353e-01, -9.02727097e-02, -2.82692224e-01, -2.38753691e-01,
       2.23633379e-01, 3.70558023e-01, -3.05971324e-01, 1.23131491e-01,
       -4.34541218e-02, -3.16453050e-03, 6.48198351e-02, 1.44982105e-02,
       -3.73927355e-02, 2.42699683e-02, -6.72005489e-02, -6.05986873e-03,
       3.48838530e-02, -9.15922821e-02, -3.03297006e-02, 1.47432238e-01,
       4.17061225e-02, 8.67433473e-02, -4.18249629e-02, 5.85635230e-02,
       8.26722383e-02, -1.97294831e-01, -3.02686803e-02, 8.41352865e-02,
       -1.78405240e-01, 8.60929787e-02, -1.00118011e-01, 1.64393187e-01,
       2.89101824e-02, -3.84759754e-02, -1.19124331e-01, 6.04421683e-02,
       1.67617708e-01, -1.03250913e-01, 2.36983807e-03, -1.06334366e-01,
       5.71354553e-02, -1.65254921e-02, 1.33634498e-02, -2.66321804e-02,
       -6.18612655e-02, -1.92204546e-02, 1.35247275e-01, 2.97783446e-02,
       4.57782149e-02, -7.80986398e-02, -7.27966279e-02, 7.57757723e-02,
       -3.41218337e-02, -6.80618212e-02, 3.84872258e-02, 2.41309926e-01,
       2.04623323e-02, 1.02142254e-02, 3.38206277e-03, 1.08580120e-01,
       1.32878691e-01, -4.82331030e-02, -2.86092982e-02, -1.31351173e-01,
       -3.76933883e-03, -1.51934847e-02, -2.43205428e-02,
       -9.65402424e-02, 2.87783090e-02, 1.72533587e-01, -1.60993338e-01,
       -8.76474231e-02, -1.50850154e-02, 1.12071544e-01, -3.16766053e-02,
       -1.28867209e-01, -1.99153632e-01, 9.83478278e-02, 1.83117747e-01,
       -9.19501409e-02, 3.51962708e-02, 2.30142429e-01, -3.31055485e-02,
       -2.60087699e-01, -1.64625928e-01, -1.35958090e-01, 1.52006447e-01,
       1.52064627e-02, -2.58473843e-01, -2.75275648e-01, 3.69880021e-01,
       3.54120612e-01, -2.25232661e-01, -1.87051132e-01, -1.38223037e-01,
       -1.01550661e-01, -1.28865838e-01, -5.91198280e-02,
       -1.79481074e-01, 1.05689108e-01, 2.78894782e-01, -1.70787975e-01,
       -1.34394675e-01, -1.92757621e-01, 1.22765556e-01, 1.72903225e-01,
       1.08417785e-02, -2.86519974e-01, -1.26130998e-01, 4.35197145e-01,
       -7.79477656e-02, -1.49281591e-01, -1.42568499e-01, 1.32831588e-01,
       2.45798469e-01, -6.56195655e-02, -8.38242397e-02, -7.12559745e-02,
       -9.92679819e-02, -9.10579264e-02, 3.63083452e-01, 4.58592117e-01,
       -5.72727732e-02, -1.50346652e-01, -4.52946909e-02, 1.47878617e-01,
       1.99155114e-03, -1.66129947e-01, -2.26449370e-01, 1.51756302e-01,
       2.33977050e-01, -1.14350893e-01, -2.51210660e-01, 1.03107721e-01,
       1.42771825e-02, 6.54873028e-02, -3.73178422e-02, 1.79609179e-01,
       4.83264238e-01, -1.67941689e-01, -3.03515524e-01, -1.34109482e-01,
       -5.85069843e-02, 1.52226696e-02, -4.64911014e-02, -1.73733220e-01,
       -2.50260025e-01, 1.11607835e-01, 6.40176162e-02, -1.84681952e-01,
       -7.78675824e-02, -9.50337276e-02, -7.82230869e-02,
       -1.39910970e-02, -1.40869528e-01, -1.33606270e-01,
       -5.31410277e-02, 6.80515543e-02, 1.91883035e-02, 3.76637056e-02,
       -8.84037241e-02, 9.34550613e-02, 9.28500071e-02, -7.76900128e-02,
       -1.84318751e-01, 1.13628814e-02, 3.92547026e-02, 4.87139113e-02,
       6.88570216e-02, 5.76330014e-02, 1.57167420e-01, 6.60822466e-02,
