%YAML:1.0
HOG: !!opencv-object-detector-hog
   winSize: [ 32, 32 ]
   blockSize: [ 8, 8 ]
   blockStride: [ 8, 8 ]
   cellSize: [ 4, 4 ]
   nbins: 9
   derivAperture: 1
   winSigma: 2.
   histogramNormType: 0
   L2HysThreshold: 2.0000000000000001e-01
   gammaCorrection: 1
   nlevels: 64
   signedGradient: 1
   SVMDetector: [ 1.03807012e-02, -8.10136739e-03, -8.08330551e-02,
       -6.52153790e-02, -5.74712940e-02, -8.34469218e-03,
       -1.09517537e-01, -1.19177312e-01, 2.72689824e-04, 1.41598031e-01,
       -5.75089753e-02, -1.07429437e-01, 3.64656225e-02, -6.26359954e-02,
       2.33844239e-02, -9.18550882e-03, 6.31778874e-03, 3.36007774e-02,
       1.78448945e-01, 2.17232436e-01, -4.55892049e-02, -7.26298690e-02,
       -3.06067374e-02, 6.02620021e-02, -1.22517616e-01, -3.40006761e-02,
       2.66938889e-03, 2.21858367e-01, 1.52770489e-01, -1.14220083e-01,
       -2.32540574e-02, -7.68373907e-02, 4.31576669e-02, 2.16865260e-02,
       1.76504664e-02, 4.85562980e-02, 4.67677787e-02, -2.42516864e-02,
       -6.50668442e-02, -1.28237799e-01, -7.45510608e-02, 5.33809178e-02,
       1.66333184e-01, -1.16276816e-02, -1.34771585e-01, -7.14929104e-02,
       8.54252353e-02, 1.10087730e-01, 1.13333017e-01, -2.30566226e-02,
       6.16782205e-03, 6.33710921e-02, 1.33234952e-02, -4.27257502e-03,
       6.48363531e-02, 8.71166587e-03, -1.08509794e-01, -1.33343622e-01,
       -6.75342157e-02, 6.08947799e-02, 1.08346388e-01, -1.61563568e-02,
       -1.00764677e-01, 1.71356723e-01, 2.02116564e-01, 6.65778816e-02,
       -9.14420560e-03, -1.07163914e-01, 7.70610049e-02, 1.93926394e-02,
       -1.87954176e-02, -1.69174839e-02, -8.25781375e-03, 8.52595866e-02,
       -1.32196963e-01, -6.85686022e-02, -9.62965861e-02,
       -4.37973291e-02, -2.44673062e-02, 5.13216220e-02, 1.49173349e-01,
       -1.42233521e-01, 1.50647871e-02, 6.39622146e-03, 1.11022266e-02,
       -1.34047940e-01, -6.95702881e-02, -2.26995237e-02, 2.00266495e-01,
       1.36118487e-01, 6.60416335e-02, 2.52992008e-02, -1.31069392e-01,
       -7.45771900e-02, -2.58868560e-02, -1.06381683e-03,
       -1.16646335e-01, -9.83278453e-02, 6.50328323e-02, -3.05017382e-02,
       -8.40653554e-02, -9.78289545e-02, -8.70727673e-02,
       -1.05526382e-02, -1.16958832e-02, -9.07405019e-02, 1.15199551e-01,
       1.95474416e-01, -1.53985452e-02, -7.16542751e-02, -3.45043875e-02,
       8.53434131e-02, 5.05934246e-02, 1.86988443e-01, 6.56010807e-02,
       1.01002418e-01, 1.86938886e-02, 1.22193977e-01, 2.45793723e-02,
       -5.03787361e-02, 3.00516319e-02, 4.48867530e-02, -3.59044969e-02,
       -3.40841734e-03, 5.33726253e-02, 1.69422150e-01, -7.38454312e-02,
       -6.07427955e-02, 6.66645938e-04, 3.35080214e-02, 1.04306936e-01,
       1.12443961e-01, -1.16538018e-01, -5.84606722e-04, -5.47304414e-02,
       1.13017233e-02, -1.73802469e-02, 2.83381529e-02, 9.31757018e-02,
       1.28060147e-01, 6.12251870e-02, -1.02439679e-01, -7.05733895e-02,
       -6.68395758e-02, 2.64785904e-02, 7.21022412e-02, -6.29889742e-02,
       -1.18518345e-01, -1.43845052e-01, 4.77183759e-02, 6.27041534e-02,
       -2.28849575e-02, 5.16829267e-02, 1.13315932e-01, 9.54757407e-02,
       -1.32337555e-01, -1.78417429e-01, -2.09329143e-01, 3.09316553e-02,
       1.45370439e-02, -5.50322793e-02, 3.52102742e-02, -9.18662325e-02,
       -4.03745770e-02, -6.77962676e-02, -2.84532849e-02,
       -1.04397815e-02, 7.11580813e-02, -6.27033263e-02, -3.53364423e-02,
       1.29996330e-01, 8.09025615e-02, 1.13981135e-01, -8.73298943e-02,
       -1.05436936e-01, -9.17680562e-02, 3.07050738e-02, -5.65356351e-02,
       -1.72018662e-01, 7.48609565e-03, 9.99543518e-02, 3.21718603e-01,
       -1.21055387e-01, -1.20832972e-01, -1.50665268e-01,
       -5.72763681e-02, -5.52717783e-02, -1.27953529e-01,
       -1.46398485e-01, 1.05851062e-01, 6.91926703e-02, -1.68358505e-01,
       -9.66873243e-02, -7.00677931e-02, 8.27345699e-02, -3.55946310e-02,
       -1.35018229e-01, -3.22355554e-02, 6.78933635e-02, 1.92968413e-01,
       -7.32589886e-02, -1.74223065e-01, -2.91349620e-01,
       -2.54739374e-01, 3.43388945e-01, 1.14564948e-01, -1.97281055e-02,
       -1.25149310e-01, -1.47471204e-01, -1.73422128e-01,
       -1.81915462e-01, -2.75993317e-01, 1.50541738e-01, 2.38893539e-01,
       -1.42018169e-01, -1.98779911e-01, -9.86208320e-02,
       -1.32670030e-01, -8.59133750e-02, 2.40173817e-01, -1.69068053e-02,
       -2.72018135e-01, -1.54435381e-01, 1.27872691e-01, 1.97735131e-01,
       -1.65656328e-01, -9.07728001e-02, 4.01844233e-02, -9.14994404e-02,
       -1.83286011e-01, -2.80800074e-01, -5.61312325e-02, 1.35927007e-01,
       -2.09382456e-02, -1.88802898e-01, -1.28133565e-01, 2.42916316e-01,
       2.14321747e-01, -2.02615947e-01, -2.18282923e-01, -1.76120982e-01,
       1.92672461e-02, 5.12029678e-02, -2.08357081e-01, -1.21152684e-01,
       1.77795753e-01, -3.04713510e-02, -3.37043196e-01, -3.01168025e-01,
       3.92335132e-02, 1.63906008e-01, -2.31318660e-02, -3.59099768e-02,
       -3.03645283e-02, -6.81884959e-02, -4.27257419e-02, 1.17021427e-02,
       2.58330833e-02, -3.47786061e-02, 1.30861476e-01, -2.74028424e-02,
       -7.39833042e-02, -8.18050504e-02, 3.08488179e-02, 2.37151906e-02,
       4.88643646e-02, 1.49433687e-02, -5.55360205e-02, 8.75446126e-02,
       5.37556522e-02, -9.45633948e-02, -1.90476198e-02, 2.21245922e-02,
       -5.93310632e-02, -8.50018337e-02, 1.91124380e-02, 6.34196103e-02,
       3.87521386e-02, -1.54952183e-01, -5.42429835e-02, 9.01287794e-03,
       2.84487307e-02, -7.10599124e-02, -4.28670421e-02, -3.85762639e-02,
       -5.56436442e-02, 5.32790162e-02, -5.30793294e-02, -3.59446891e-02,
       -7.85086304e-02, 3.72014642e-02, 8.21906999e-02, -1.77233033e-02,
       5.94570301e-02, -7.50866085e-02, 1.64917380e-01, 1.83144305e-02,
       -8.27852041e-02, -1.89473331e-01, 1.60451382e-01, 3.19821656e-01,
       4.33677249e-02, -4.49397117e-02, -1.88676164e-01, 5.14098816e-02,
       -3.48394625e-02, -7.03326091e-02, -1.16722040e-01, 1.09956879e-02,
       3.68212387e-02, 2.26533070e-04, 5.95179088e-02, -7.18128085e-02,
       7.76941180e-02, -7.35102640e-03, -4.49070148e-02, -1.14580795e-01,
       -4.66083772e-02, 1.68028310e-01, 3.95187847e-02, -7.66461669e-03,
       -1.90014005e-01, 8.63630399e-02, -7.27960393e-02, -1.41252324e-01,
       -1.12688467e-01, 1.47699282e-01, 2.76239157e-01, -1.19933046e-01,
       -7.12979063e-02, 6.99448064e-02, 8.40358213e-02, -2.80122191e-01,
       -2.21008852e-01, -1.60890326e-01, -1.89426824e-01,
       -5.48619330e-02, -2.05774382e-01, -1.65977642e-01, 1.97918698e-01,
       3.56593519e-01, 3.73198395e-03, -1.35758549e-01, -1.99637353e-01,
       1.05272762e-01, 3.29429060e-01, -4.85626571e-02, -1.42084584e-01,
       -1.70652002e-01, -3.19446735e-02, -6.38941526e-02,
       -1.36837587e-01, -2.27571905e-01, -2.23703846e-01, 1.53226361e-01,
       6.01054840e-02, -1.89544141e-01, -1.87372655e-01, 1.88892692e-01,
       1.56407401e-01, -8.43267813e-02, 3.15746784e-01, 6.64628595e-02,
       -1.29859328e-01, -1.11828625e-01, 8.21735114e-02, -3.49853225e-02,
       -1.39742061e-01, -1.86864510e-01, -8.82569626e-02, 2.14059755e-01,
       9.41365957e-02, -1.19183481e-01, -1.66629121e-01, 1.19027734e-01,
       3.20186168e-01, -1.20589538e-02, -3.13325793e-01, 2.19143569e-01,
       2.60941893e-01, -1.94251314e-01, -1.30161747e-01, -3.39639559e-02,
       1.51691601e-01, -5.49752638e-02, -1.98707789e-01, -2.02623010e-01,
       -5.70522510e-02, 7.35416189e-02, -1.26578361e-01, -1.44273778e-02,
       -1.27024531e-01, 1.22417428e-01, 8.89530480e-02, -2.10779488e-01,
       -3.19700241e-01, -3.20751332e-02, 4.71317284e-02, 1.94803011e-02,
       5.03536947e-02, -6.71600774e-02, -2.76331287e-02, 7.94034898e-02,
       -7.27348700e-02, -1.34822771e-01, -8.65809172e-02,
       -1.06713377e-01, -1.33808488e-02, 6.08642921e-02, -3.47423069e-02,
       9.42381769e-02, 1.19453602e-01, -1.35160998e-01, -1.11547202e-01,
