%YAML:1.0
HOG: !!opencv-object-detector-hog
   winSize: [ 32, 32 ]
   blockSize: [ 8, 8 ]
   blockStride: [ 8, 8 ]
   cellSize: [ 4, 4 ]
   nbins: 9
   derivAperture: 1
   winSigma: 2.
   histogramNormType: 0
   L2HysThreshold: 2.0000000000000001e-01
   gammaCorrection: 1
   nlevels: 64
   signedGradient: 1
   SVMDetector: [ 1.88483356e-03, 6.61762655e-02, -1.54313827e-02,
       -1.88855417e-02, 3.45999375e-03, 1.11428432e-01, 4.41673920e-02,
       -2.70630680e-02, -4.57833633e-02, 3.58125232e-02, 3.43430601e-02,
       -2.35090870e-02, -4.56834510e-02, -2.44967639e-02, 1.14805177e-01,
       -1.80799197e-02, -3.39969136e-02, -4.23280001e-02, 9.14397761e-02,
       8.19456279e-02, -2.13557705e-02, -3.88671048e-02, -8.63705238e-04,
       6.28200248e-02, 1.38734784e-02, -2.18343977e-02, -8.94018542e-03,
       -7.05134943e-02, -4.04230468e-02, -2.44246610e-02,
       -4.97084968e-02, -4.38103974e-02, 2.29860861e-02, 2.58324947e-02,
       -3.38774212e-02, -6.75965995e-02, 1.96017548e-02, -3.53371650e-02,
       -2.39567570e-02, -7.73347821e-03, -4.56223786e-02, 7.27007017e-02,
       8.94969031e-02, -3.45448107e-02, 4.63066716e-03, 3.74793969e-02,
       5.03106005e-02, 2.53410246e-02, -3.52581777e-02, -6.05932809e-02,
       2.60194987e-02, 1.51346046e-02, -6.72486499e-02, -3.39243151e-02,
       4.12466116e-02, -2.73546968e-02, -3.63303274e-02, -3.27377692e-02,
       -7.33183026e-02, 4.65262905e-02, 3.13720517e-02, -8.45140070e-02,
       -3.62611189e-02, 7.77736306e-02, 6.77317902e-02, -5.30309379e-02,
       -5.70532009e-02, -3.50183956e-02, 4.36562411e-02, -1.38028874e-03,
       -1.20668218e-01, -6.74393103e-02, 7.76264891e-02, -4.64886725e-02,
       -8.06636661e-02, -5.72277941e-02, -1.24502573e-02,
       -1.56842265e-02, -4.06266637e-02, 5.07590994e-02, 5.29551841e-02,
       6.18348569e-02, -4.56126928e-02, -1.19697675e-01, -6.98481426e-02,
       -3.05160731e-02, -3.71160582e-02, -3.71445082e-02, 8.72696713e-02,
       8.63901451e-02, 1.12761505e-01, 3.27650048e-02, -1.13765642e-01,
       -7.25909472e-02, -8.34454224e-02, -8.69545937e-02,
       -8.34141076e-02, 2.42994893e-02, 1.17264509e-01, 2.55543236e-02,
       -8.06537047e-02, -1.26445919e-01, -1.02991171e-01,
       -7.46970922e-02, -7.49861673e-02, -3.86729725e-02, 1.36762634e-01,
       1.42984405e-01, -8.39986578e-02, -4.01587561e-02, -1.05763441e-02,
       5.74785359e-02, 6.98888451e-02, 4.84417640e-02, -5.06605506e-02,
       -2.95687430e-02, 3.43607878e-03, -1.07022531e-01, -7.27480948e-02,
       7.68695101e-02, 1.15152672e-01, 1.23188488e-01, -2.81124599e-02,
       -9.66854617e-02, -6.56523108e-02, -4.85546552e-02,
       -4.61195409e-02, -5.00005670e-02, -2.47250460e-02, 6.74849525e-02,
       3.93175147e-02, 2.86449194e-02, -4.68963496e-02, 7.83908963e-02,
       1.07142158e-01, -8.47864747e-02, -7.42026120e-02, 3.88252474e-02,
       1.09473519e-01, 8.26155767e-02, -2.63262391e-02, -8.16837624e-02,
       -1.13935564e-02, 4.49336246e-02, 3.05789094e-02, 3.70873064e-02,
       -4.96692620e-02, 4.22374494e-02, 3.96135896e-02, 2.46629901e-02,
       -2.72941757e-02, -1.71706118e-02, -1.26933893e-02,
       -2.30627339e-02, 7.66485231e-03, -1.38204675e-02, 3.37262492e-04,
       -8.69291369e-03, 3.04784048e-02, 6.53891712e-02, -2.28674244e-02,
       -6.93649352e-02, 2.44810060e-02, -3.41690481e-02, -6.46353140e-02,
       -3.30098569e-02, -2.69609056e-02, -8.88467580e-03,
       -7.35928828e-04, -4.61584888e-02, 2.23340970e-02, 4.49133292e-03,
       5.97283579e-02, -7.36095607e-02, -6.35512024e-02, -7.93576054e-03,
       2.64030676e-02, 8.39972049e-02, -1.13253510e-02, -5.09751737e-02,
       -1.27531225e-02, 1.34536132e-01, 2.84540914e-02, -6.75313622e-02,
       -8.68976414e-02, 2.59287320e-02, 2.24540178e-02, -3.36914100e-02,
       -5.56286909e-02, 3.14124720e-03, 6.29367381e-02, -4.31228895e-03,
       -4.83126678e-02, 1.56873856e-02, 7.13244379e-02, -7.10923448e-02,
       -1.06494494e-01, -1.02764234e-01, -2.10375562e-02, 6.67181686e-02,
       5.86228110e-02, -8.31135213e-02, -8.47318247e-02, 2.76989155e-02,
       9.58437771e-02, -5.03262244e-02, -8.59908611e-02, -6.27407804e-02,
       5.66984434e-03, -2.47730464e-02, 1.33179436e-02, -1.91622097e-02,
       -2.70037388e-04, 8.47652927e-02, -1.02581434e-01, -1.21901229e-01,
       -9.19345543e-02, -1.20006502e-01, 8.80650431e-02, 2.50653923e-01,
       -5.77392709e-03, -9.36108828e-02, -6.94313496e-02,
       -7.26910383e-02, -7.45416805e-02, -7.62342662e-02,
       -8.47030506e-02, 9.18904990e-02, 7.18449429e-02, -9.56401080e-02,
       -8.27342793e-02, 1.70866698e-01, -1.46312984e-02, -8.21868777e-02,
       -1.15246840e-01, -4.49408107e-02, 1.45763740e-01, 1.05752818e-01,
       -4.88083810e-02, -6.71330541e-02, -8.10392052e-02,
       -1.00390658e-01, -8.48468468e-02, -1.47418305e-01,
       -3.67002599e-02, 1.66081950e-01, 5.19601367e-02, -1.02100700e-01,
       -7.24647120e-02, 1.41289830e-01, -2.93881260e-02, -1.25480413e-01,
       6.97590336e-02, 8.24265406e-02, -1.28536904e-02, -2.17388719e-02,
       -8.19778070e-03, -3.17903422e-02, 4.04846631e-02, 7.35149682e-02,
       -3.22324820e-02, 6.87485784e-02, 2.28463262e-02, -6.55193403e-02,
       -6.76380247e-02, -2.99340468e-02, -2.45238245e-02,
       -2.88004447e-02, -3.59113775e-02, 1.49772940e-02, -2.91132946e-02,
       7.09623247e-02, -1.53099392e-02, -5.21852300e-02, 1.75238531e-02,
       -3.00514307e-02, 8.31205919e-02, 6.24032207e-02, -5.84069081e-02,
       -3.30058001e-02, -2.44214013e-02, -2.43002120e-02,
       -4.57755551e-02, -6.17959583e-03, -6.10482395e-02,
       -3.40672433e-02, -3.26243378e-02, -5.38546965e-02,
       -2.30030790e-02, -6.61646798e-02, -4.31946889e-02,
       -4.12389962e-03, 1.74458288e-02, 6.17857091e-02, -1.85348075e-02,
       -3.98449153e-02, -3.15192267e-02, -5.07641993e-02,
       -5.42923771e-02, -5.13679571e-02, 6.10110424e-02, 7.09480420e-02,
       -2.13210806e-02, 6.29591569e-03, -1.35328388e-02, -2.39758957e-02,
       3.29270996e-02, -7.63913020e-02, -5.50314784e-02, 8.43378901e-02,
       4.06119376e-02, 2.53433026e-02, -4.71776165e-02, -1.43897021e-02,
       4.96684387e-02, -2.69386563e-02, -8.09945390e-02, -1.54385045e-02,
       4.67902534e-02, 6.06365912e-02, -2.98460107e-02, 1.00322394e-02,
       1.60503369e-02, 4.35487293e-02, -7.25991279e-02, -5.32898307e-03,
       1.71677768e-01, 2.26545632e-02, -5.00045270e-02, -1.83732919e-02,
       -2.27566864e-02, 4.77028973e-02, -4.23580334e-02, -6.08271472e-02,
       -3.61178182e-02, 8.04800168e-02, 1.23389512e-02, -8.67594630e-02,
       -4.05626521e-02, -1.77897923e-02, 4.58974987e-02, -3.17898653e-02,
       -6.68300986e-02, -6.75299689e-02, 2.01528430e-01, 7.27156252e-02,
       -5.14802821e-02, -4.06158529e-02, -3.44632603e-02, 4.47302777e-03,
       -6.32543787e-02, -3.82110141e-02, -9.57663506e-02, 8.30747783e-02,
       2.14202292e-02, -8.33944976e-02, -9.65877324e-02, -4.94990572e-02,
       3.92926224e-02, -3.87163609e-02, -2.74462085e-02, 1.25954464e-01,
       -5.96342096e-03, -6.64834827e-02, -3.70106697e-02,
       -1.02788359e-01, -2.07002312e-02, -8.32942277e-02,
       -6.19476549e-02, -5.09867854e-02, 7.98795745e-02, 2.61817295e-02,
       -8.09563249e-02, -6.23895004e-02, -1.04647562e-01, 1.31436870e-01,
       5.32948300e-02, -8.63210633e-02, 1.51422277e-01, 2.49813691e-01,
       -1.46145135e-01, -1.31074518e-01, -2.08764449e-02,
       -8.23418051e-02, -5.62963961e-03, -9.78346244e-02,
       -6.58605248e-02, -2.11351458e-02, 6.08904250e-02, -1.50505245e-01,
       -1.21463582e-01, -5.72368354e-02, -5.34476787e-02, 1.22462258e-01,
       8.32000151e-02, -1.09271653e-01, -2.45534852e-02, 2.35553402e-02,
       1.69339217e-02, -6.62169829e-02, -3.61664891e-02, -8.67427234e-03,
       9.78919193e-02, 8.33998919e-02, -9.32946522e-03, -9.47591849e-03,
       6.79817051e-02, -3.29526030e-02, -4.54127342e-02, -1.95680894e-02,
       -8.57845080e-05, 4.87179793e-02, -5.07181622e-02, -1.67353973e-02,
