%YAML:1.0
HOG: !!opencv-object-detector-hog
   winSize: [ 32, 32 ]
   blockSize: [ 8, 8 ]
   blockStride: [ 8, 8 ]
   cellSize: [ 4, 4 ]
   nbins: 9
   derivAperture: 1
   winSigma: 2.
   histogramNormType: 0
   L2HysThreshold: 2.0000000000000001e-01
   gammaCorrection: 1
   nlevels: 64
   signedGradient: 1
   SVMDetector: [ 1.85405076e-01, -1.00533195e-01, -5.12837619e-02,
       1.47634596e-01, 1.28064230e-01, -3.64111662e-02, -4.27865610e-02,
       1.09526599e-02, 1.63972124e-01, 6.67071939e-02, -2.24098172e-02,
       -2.45687455e-01, -1.28127381e-01, -1.41433477e-02,
       -1.42282560e-01, -1.40682116e-01, 1.79261446e-01, 1.95260961e-02,
       -1.20692201e-01, -1.66760366e-02, 1.20199211e-02, 1.44082019e-02,
       2.70899776e-02, -3.59665863e-02, -1.75259322e-01, -6.58606458e-03,
       -5.20962439e-02, -1.14834331e-01, 1.83114018e-02, -1.14452444e-01,
       5.58247641e-02, 8.83811712e-02, -2.76727751e-02, -1.55482113e-01,
       7.59433070e-03, -2.85559237e-01, 7.87351653e-02, 7.34184310e-02,
       -7.07250601e-03, -6.21452555e-02, -9.11198705e-02, 3.89702991e-02,
       -2.50491574e-02, -3.83773968e-02, 2.32230052e-01, 3.32705140e-01,
       6.16787151e-02, 1.97029114e-02, -7.62137324e-02, -1.00057505e-01,
       7.02324435e-02, -1.67645246e-01, -9.48156714e-02, 5.02635492e-03,
       -9.75109413e-02, 1.39656529e-01, 1.13604009e-01, 1.87698752e-01,
       -6.05969913e-02, -2.34617308e-01, -3.03011090e-02,
       -4.94578034e-02, -3.68337184e-02, 7.36728236e-02, 7.34857246e-02,
       -1.83353983e-02, -7.43056983e-02, 2.10252717e-01, -2.53506768e-02,
       -1.46306828e-01, -2.00683564e-01, 5.75912930e-02, 4.47951019e-01,
       1.67107150e-01, -5.43400943e-02, -1.77932903e-01, 5.93862534e-02,
       2.10641831e-01, -7.02866986e-02, -2.21061222e-02, 1.24335863e-01,
       3.89803439e-01, 7.63979629e-02, 2.06484906e-02, 1.43545344e-02,
       2.30183378e-01, 6.22963347e-02, 2.53058858e-02, -5.65217063e-02,
       1.92189381e-01, 3.99935953e-02, 1.17208675e-01, -3.07989419e-02,
       -3.69200818e-02, 1.17067821e-01, -1.73541419e-02, -1.02830544e-01,
       -6.82952479e-02, 1.21217020e-01, 1.11472569e-01, 7.68150091e-02,
       -1.25383630e-01, -4.58348542e-02, -7.19039738e-02,
       -6.00913689e-02, 1.07754525e-02, 1.13384752e-02, -3.54472734e-02,
       3.05311717e-02, -1.30328029e-01, -8.52379054e-02, -1.06525332e-01,
       4.47711088e-02, 1.41461402e-01, 4.21300083e-02, 1.42268509e-01,
       3.49873722e-01, 3.80525649e-01, -1.13637626e-01, 5.25373705e-02,
       -2.59794205e-01, -5.77390455e-02, -4.33461852e-02,
       -1.57915596e-02, 1.67191416e-01, 1.40766233e-01, 1.65095832e-02,
       2.13838387e-02, -1.38934404e-01, -3.52618657e-02, -6.34869263e-02,
       -1.83736309e-02, 2.76084635e-02, -9.13185254e-02, -1.81153212e-02,
       3.41722697e-01, 5.43449000e-02, 6.23337254e-02, -1.02598809e-01,
       -1.24918535e-01, -1.02382727e-01, -8.19656700e-02, 3.46923396e-02,
       -1.00892127e-01, -4.52434160e-02, 3.15183774e-02, 2.55352855e-02,
       7.04793632e-02, 1.49817569e-02, -5.58658093e-02, -7.38216192e-02,
       -4.97792736e-02, 2.70696711e-02, -3.52066346e-02, 5.07388450e-03,
       1.23474691e-02, 2.99542308e-01, -1.46902531e-01, -4.71445508e-02,
       6.32158434e-03, -6.19224720e-02, 1.41560649e-02, 1.94534156e-02,
       2.41433591e-01, -1.64427720e-02, 3.73947203e-01, 1.31761760e-01,
       3.37081701e-02, 2.87373774e-02, -1.21680655e-01, -5.81254847e-02,
       -9.05261710e-02, -1.71135776e-02, 1.17031913e-02, 1.13540933e-01,
       5.49290515e-02, 9.26894769e-02, 4.45007272e-02, 1.52426912e-02,
       -3.17462832e-02, -1.15416013e-01, -5.89988045e-02,
       -1.27137586e-01, -2.94746727e-01, -4.41919267e-02, 8.57937858e-02,
       -5.00773126e-03, 3.52189206e-02, -8.47579241e-02, -2.23490313e-01,
       -4.72116694e-02, -2.12103918e-01, -1.92325324e-01,
       -1.54838890e-01, 8.31695367e-03, -4.78029475e-02, 8.78506079e-02,
       -4.84773107e-02, -5.69728650e-02, 1.72179397e-02, -4.05007988e-01,
       1.84140235e-01, 5.55516064e-01, 1.59015576e-03, 4.65581231e-02,
       6.61337301e-02, 6.37615249e-02, -1.07833639e-01, 1.23797879e-01,
       -2.68621683e-01, 5.42677427e-03, 4.89263713e-01, 2.24874377e-01,
       -1.21707641e-01, 2.25505605e-03, -3.32368277e-02, 5.26620150e-02,
       2.76530176e-01, 2.87745893e-01, 4.69443873e-02, 8.26578736e-02,
       -2.27790773e-02, 1.41240433e-01, -5.39961345e-02, -1.68773383e-01,
       3.05426288e-02, 9.31788757e-02, 2.00376064e-01, -4.41187508e-02,
       -6.22307248e-02, -9.27084610e-02, 4.64110933e-02, -5.01516312e-02,
       -1.11841694e-01, 1.73878253e-01, 4.61590528e-01, 5.61789393e-01,
       -2.72457242e-01, -3.47628206e-01, -5.41296750e-02, 2.16522843e-01,
       -5.20873144e-02, 4.65872325e-02, 1.48903504e-02, 1.20169386e-01,
       3.63536447e-01, -2.24989355e-01, -3.07563096e-01, -5.27728349e-02,
       8.99616629e-02, -1.12866797e-01, 2.61929305e-03, 4.21697386e-02,
       6.35276809e-02, 9.59120840e-02, 5.79219870e-02, -1.37370564e-02,
       1.81960370e-02, 1.39717847e-01, 6.62474781e-02, -1.88895606e-03,
       9.26164389e-02, -1.12131044e-01, 3.14154290e-02, 1.77898124e-01,
       2.18940973e-01, -1.67328790e-02, 9.71931741e-02, 1.27123415e-01,
       1.74277335e-01, 9.84851569e-02, -8.79522937e-04, 8.40043500e-02,
       1.31065756e-01, 2.07568154e-01, 1.89561248e-01, 1.92050487e-01,
       3.27603146e-02, 1.50959399e-02, -2.55714473e-03, 2.32018847e-02,
       6.44316748e-02, 3.19396317e-01, 2.82590121e-01, 2.71837622e-01,
       1.85901254e-01, 1.56973436e-01, 3.32173049e-01, -4.60531600e-02,
       -6.24262877e-02, 1.63072925e-02, 1.05778307e-01, 1.24669164e-01,
       2.72434428e-02, -6.45264983e-02, -1.44011378e-01, 4.44251113e-02,
       1.73509829e-02, -6.22032098e-02, -5.10575809e-02, -7.47845843e-02,
       9.30375308e-02, -2.07088459e-02, 1.04713671e-01, -1.41921341e-02,
       1.03660682e-02, 1.11215308e-01, 5.03078960e-02, 9.73545667e-03,
       -8.99725966e-03, 2.33627930e-01, -2.64830161e-02, -4.04008776e-02,
       5.96001484e-02, 1.97324857e-01, 8.16811845e-02, -5.37011074e-03,
       1.98691204e-01, 2.84642071e-01, 1.27653964e-02, -1.58885449e-01,
       4.61318996e-03, -3.97540629e-02, 1.18525520e-01, -1.87033247e-02,
       -1.56942040e-01, -2.06625789e-01, -3.82400639e-02, 3.31565857e-01,
       -8.61095730e-03, -5.90919815e-02, 2.24130630e-01, 2.69146174e-01,
       -1.63294107e-01, 3.01148742e-02, 6.34180829e-02, -6.81900233e-02,
       2.85370857e-01, -1.22040519e-02, -3.05461045e-02, 5.65218665e-02,
       9.39436816e-03, -7.65408640e-06, 3.90977710e-02, -4.01996262e-02,
       1.05945334e-01, 2.08178625e-01, -9.29638743e-02, 5.19759674e-03,
       2.80260235e-01, 3.40351015e-01, 9.84239280e-02, 1.72102883e-01,
       -1.21310137e-01, -1.53992444e-01, -1.31068721e-01,
       -9.32248831e-02, 3.45629677e-02, 2.52258211e-01, 3.85621518e-01,
       -1.00087062e-01, -7.45303323e-03, 1.82996452e-01, 2.96925396e-01,
       -3.73776376e-01, -1.48595914e-01, -8.59252736e-02,
       -2.60033179e-02, -7.11258873e-02, -9.45102647e-02,
       -9.68644843e-02, -1.01978667e-01, 4.69851010e-02, -3.06550533e-01,
       -2.04382822e-01, -1.08158171e-01, -1.65141240e-01,
       -1.74581826e-01, -1.40250742e-01, -1.75315011e-02, 6.35263026e-01,
       6.49021566e-01, -1.93684027e-01, -9.70623866e-02, -2.00973395e-02,
       -7.86742494e-02, -1.07731588e-01, -2.16015399e-01,
       -1.39107689e-01, -3.86948824e-01, 4.61204425e-02, 9.15748253e-02,
       -4.95336875e-02, -4.97410223e-02, 7.82882236e-03, -1.51717827e-01,
       1.05999433e-01, -3.66855972e-02, -7.94244111e-02, -1.19797736e-01,
       -6.89363554e-02, 8.77811164e-02, 1.00434318e-01, -1.37004808e-01,
       -6.00456931e-02, -1.18523605e-01, 5.39317764e-02, 2.38778554e-02,
       1.44575611e-02, 7.41128772e-02, 6.95724785e-02, 6.84628040e-02,
       -2.98379511e-02, -1.84433609e-01, 1.64282501e-01, -5.37850782e-02,
       -3.13816458e-01, -6.13659956e-02, 2.86032259e-01, 5.94232678e-02,
