%YAML:1.0
HOG: !!opencv-object-detector-hog
   winSize: [ 32, 32 ]
   blockSize: [ 8, 8 ]
   blockStride: [ 8, 8 ]
   cellSize: [ 4, 4 ]
   nbins: 9
   derivAperture: 1
   winSigma: 2.
   histogramNormType: 0
   L2HysThreshold: 2.0000000000000001e-01
   gammaCorrection: 1
   nlevels: 64
   signedGradient: 1
   SVMDetector: [ 1.86278418e-01, -4.26044554e-01, 1.08232154e-02,
       5.39073460e-02, 2.65186340e-01, -1.20583937e-01, 5.38890287e-02,
       -3.02226059e-02, -1.08175263e-01, 1.19104601e-01, 4.52967703e-01,
       1.21008225e-01, 2.65833080e-01, 2.54973203e-01, 3.80156487e-01,
       -8.31551105e-02, -1.22402921e-01, 1.20567866e-01, 8.59317631e-02,
       -6.95279360e-01, -1.82080820e-01, 1.41898617e-01, 9.64335259e-03,
       4.80663240e-01, 3.62557799e-01, 4.23968166e-01, 2.28440344e-01,
       -3.95144731e-01, -9.80670750e-02, 1.98965654e-01, 2.50960439e-01,
       3.27185512e-01, 2.79149801e-01, -3.38670790e-01, -7.21884668e-02,
       2.65604675e-01, 3.30947727e-01, -2.08050311e-02, -2.07449868e-01,
       -7.68750813e-03, 4.50728714e-01, 2.78290093e-01, -8.50948542e-02,
       -1.42151967e-01, 1.80019006e-01, 2.32870892e-01, -7.30732009e-02,
       -2.38135487e-01, -4.63091843e-02, 1.99722692e-01, 3.48545194e-01,
       -3.64025295e-01, 8.40733852e-03, 1.49120525e-01, 2.27996893e-02,
       -6.11180589e-02, 1.40433135e-02, 8.44796225e-02, 8.35863650e-02,
       3.02396268e-01, -3.49568993e-01, -4.66787755e-01, -1.26459450e-01,
       -1.52493306e-02, -1.82058737e-01, 2.96360943e-02, 6.71362653e-02,
       -3.34878951e-01, -1.79606944e-01, -3.24935347e-01,
       -3.31665725e-01, 1.07782334e-01, 2.12058663e-01, 4.09326911e-01,
       -1.18801445e-02, 7.37737631e-03, 1.64396435e-01, -2.64991820e-01,
       4.66849878e-02, -2.45660543e-01, -1.59781218e-01, 2.73797452e-01,
       1.46128058e-01, 3.03100139e-01, -3.06270391e-01, -4.30827290e-02,
       -4.77556698e-02, -7.61055648e-02, -2.70054154e-02,
       -2.18538791e-02, -8.28716531e-03, 5.06398603e-02, -2.07104877e-01,
       1.49633989e-01, 2.07400829e-01, 1.22440241e-01, -1.52495489e-01,
       -3.42834681e-01, -3.18769217e-01, -4.44702096e-02,
       -1.30265430e-01, 2.54261017e-01, 1.69299960e-01, 7.04303607e-02,
       -1.31912351e-01, -1.82024345e-01, -3.31362039e-01,
       -1.73922464e-01, -8.16863626e-02, 5.08329630e-01, 1.02423176e-01,
       8.43337178e-02, 4.13819432e-01, -2.87177473e-01, -5.14826402e-02,
       -4.77515012e-02, -4.97979552e-01, -2.81838119e-01,
       -2.07668040e-02, 6.52820468e-02, 3.94888222e-01, 1.59702480e-01,
       -1.29946753e-01, -1.70517594e-01, 4.63712662e-01, -4.58437383e-01,
       -1.33043617e-01, -3.60119462e-01, 1.72221065e-02, -2.34780908e-01,
       2.47288480e-01, -3.98249812e-02, 2.79283598e-02, 9.00452863e-03,
       -1.14093572e-01, -6.05887212e-02, -3.67835999e-01, 1.42078660e-03,
       2.95705140e-01, 3.23231399e-01, -9.07104984e-02, 2.72692386e-02,
       -2.40781769e-01, -5.43567419e-01, 3.25273097e-01, 5.98785393e-02,
       -5.50679564e-02, 3.33006322e-01, -2.58215427e-01, -1.24225460e-01,
       7.70980641e-02, 3.48006301e-02, 2.78693944e-01, -1.69994637e-01,
       4.42497522e-01, 1.96982801e-01, -2.71090090e-01, 7.81227425e-02,
       -4.50928807e-02, -2.63337821e-01, 1.92117140e-01, 2.16072723e-01,
       3.49394418e-02, -1.44418791e-01, 4.80268151e-01, 4.44305390e-01,
       -3.40627283e-01, 2.66702306e-02, 1.11784443e-01, 1.19188912e-01,
       3.36455256e-01, -3.93573433e-01, -9.35842469e-02, 3.52196932e-01,
       -1.49601744e-02, 9.85725299e-02, 1.13516234e-01, 3.88806351e-02,
       -3.10936309e-02, 4.19103354e-01, -1.02584422e-01, -2.34888554e-01,
       -2.50382304e-01, -2.71026313e-01, -2.23767951e-01,
       -3.36918533e-01, -1.57705098e-01, -1.54450640e-01,
       -7.54170166e-03, -3.19383562e-01, 5.94103709e-04, 7.47367665e-02,
       -3.77409905e-01, -3.75959575e-01, -1.16132721e-01, 1.13046736e-01,
       4.90887687e-02, -2.72270173e-01, -2.03134865e-01, -3.43617171e-01,
       1.43576711e-01, 1.10670969e-01, 2.86554515e-01, -3.54752064e-01,
       -5.43738067e-01, 7.52180591e-02, 4.44007397e-01, 3.29449058e-01,
       2.00190753e-01, 3.40853445e-02, -3.43383461e-01, -3.11668366e-01,
       -3.83320637e-02, -7.90838748e-02, -3.00831050e-01, 1.48824602e-01,
       -2.94884592e-01, 1.04939364e-01, -4.30896014e-01, -2.60735035e-01,
       7.61491656e-02, -2.57258378e-02, -2.76783165e-02, 5.96548557e-01,
       8.20515454e-02, -3.23144734e-01, 9.20667276e-02, -2.69335002e-01,
       1.16219632e-01, 2.48263940e-01, -4.18335289e-01, -1.29418463e-01,
       -7.39904717e-02, -4.67662364e-01, -6.61689281e-01,
       -3.42882723e-01, -2.19875261e-01, 1.78221002e-01, 1.37694418e-01,
       3.95690501e-01, 2.91461974e-01, 4.42466944e-01, -4.10705693e-02,
       4.80436571e-02, 4.62277792e-02, 5.57848345e-03, -1.50033996e-01,
       2.12512225e-01, 4.07731026e-01, 6.21493995e-01, -2.25732729e-01,
       -3.83878559e-01, 9.21661109e-02, 4.74580169e-01, 1.96353555e-01,
       -4.73885000e-01, 6.69014677e-02, -2.15830445e-01, 1.87498987e-01,
       2.46073306e-02, -1.80211917e-01, 4.67112362e-01, 1.57382518e-01,
       -5.33393741e-01, 4.02243137e-02, -2.21611202e-01, -2.13269100e-01,
       -2.43136622e-02, 1.81733772e-01, -1.38995767e-01, -2.32654348e-01,
       7.08660781e-02, 4.22422767e-01, -3.68181951e-02, 1.63897514e-01,
       -1.75444990e-01, -1.99482694e-01, 2.37729222e-01, 1.18054666e-01,
       -2.53193557e-01, -4.23429966e-01, -4.94821340e-01,
       -1.60218969e-01, -1.38870224e-01, -2.63865173e-01,
       -1.73813105e-01, 3.56661677e-01, 5.60500799e-03, 7.59831890e-02,
       -9.11359563e-02, -1.17601313e-01, -2.04308014e-02, 4.71629679e-01,
       2.93690562e-01, 3.00666898e-01, 2.79321760e-01, 2.76157111e-01,
       1.11015752e-01, -4.45877984e-02, 2.30593354e-01, 4.65547591e-02,
       6.29491135e-02, -4.64763224e-01, -3.43440980e-01, -3.68565112e-01,
       3.79527926e-01, -1.41453460e-01, -9.23945904e-02, -1.34885579e-01,
       1.52932346e-01, 2.86213189e-01, -2.21626192e-01, 2.59739786e-01,
       4.29923683e-01, 1.46161929e-01, 6.98671564e-02, -1.20624617e-01,
       -2.59084642e-01, 2.94043452e-01, 2.82063991e-01, -4.59387302e-01,
       -1.77412242e-01, -2.16626331e-01, -8.51937830e-02, 4.04685467e-01,
       -3.52639973e-01, -1.10409237e-01, 2.10478716e-03, -5.04766703e-02,
       -1.70893639e-01, -1.64597742e-02, -2.99774140e-01,
       -1.84736118e-01, 4.86091852e-01, -1.21772766e-01, -7.77964741e-02,
       -1.26022652e-01, -9.79181826e-02, 2.64083028e-01, 2.28976250e-01,
       -6.15063906e-01, -4.00031000e-01, -6.34166300e-02,
       -1.44636959e-01, -2.43412599e-01, 1.22912981e-01, 2.77486090e-02,
       -2.12954968e-01, 3.34905982e-01, 1.83646366e-01, -3.74600798e-01,
       -2.38370180e-01, -4.17556256e-01, -4.16990340e-01,
       -3.95380408e-01, -3.81021388e-02, 1.04771622e-01, -5.91241345e-02,
       -1.07489392e-01, -3.20624828e-01, 1.29097730e-01, -1.76974460e-01,
       1.33618221e-01, 1.95471898e-01, -4.11021635e-02, -1.54524207e-01,
       2.67461687e-01, 9.59066570e-01, -4.73900698e-02, -7.66509399e-02,
       3.06325644e-01, -8.71845409e-02, -1.42072439e-01, -1.12518951e-01,
       -1.56641409e-01, -2.35855386e-01, -3.89833361e-01,
       -3.19168538e-01, 3.18547785e-02, -1.80742368e-02, 3.85963142e-01,
       4.94838715e-01, -6.24267794e-02, -2.62139142e-01, 1.73111901e-01,
       1.07073236e+00, 7.39055693e-01, 1.27993841e-02, 1.10340357e-01,
       2.78375614e-02, -1.10440701e-01, -5.26280329e-02, -1.66062489e-01,
       2.17044801e-01, 1.14957914e-01, -5.50830126e-01, -1.45262465e-01,
       3.76350470e-02, -3.80636565e-02, -3.03826362e-01, -7.30537772e-02,
       9.52938795e-02, 2.05091745e-01, -5.96628524e-03, -1.36653453e-01,
       -1.32535905e-01, 3.24495323e-02, 3.88914108e-01, 2.40797400e-01,
       -4.05949026e-01, -1.89875841e-01, 2.70212322e-01, 2.14149933e-02,
       3.81203234e-01, -3.03215325e-01, 7.08360970e-01, 3.11277807e-01,
